x=19.101225; y=-3.098643; z=0.000000; qx=0.000000; qy=0.000000; qz=0.029965; qw=0.999551
x=22.802063; y=0.094880; z=0.000000; qx=0.000000; qy=0.000000; qz=0.005094; qw=0.999987