x=18.812611; y=2.998655; z=0.000000; qx=0.000000; qy=0.000000; qz=0.003486; qw=0.999994
x=22.802063; y=0.094880; z=0.000000; qx=0.000000; qy=0.000000; qz=0.005094; qw=0.999987