x=19.043180; y=-0.736147; z=0.000000; qx=0.000000; qy=0.000000; qz=-0.000352; qw=1.000000
x=22.802063; y=0.094880; z=0.000000; qx=0.000000; qy=0.000000; qz=0.005094; qw=0.999987