x=14.928173; y=0.080631; z=0.000000; qx=0.000000; qy=0.000000; qz=0.005989; qw=0.999982
x=18.525377; y=1.100336; z=0.000000; qx=0.000000; qy=0.000000; qz=-0.003994; qw=0.999992
x=19.953741; y=1.105068; z=0.000000; qx=0.000000; qy=0.000000; qz=-0.190387; qw=0.981709
x=23.096462; y=-0.087437; z=0.000000; qx=0.000000; qy=0.000000; qz=0.007349; qw=0.999973