x=24.235754; y=0.125355; z=0.000000; qx=0.000000; qy=0.000000; qz=-0.004505; qw=0.999990
x=30.188713; y=0.564703; z=0.000000; qx=0.000000; qy=0.000000; qz=-0.017798; qw=0.999842
x=37.181786; y=0.345757; z=0.000000; qx=0.000000; qy=0.000000; qz=-0.037152; qw=0.999310
x=37.181786; y=0.345757; z=0.000000; qx=0.000000; qy=0.000000; qz=-0.037152; qw=0.999310