x=23.291813; y=-0.006087; z=0.000000; qx=0.000000; qy=0.000000; qz=0.033100; qw=0.999452
x=38.013985; y=0.058794; z=0.000000; qx=0.000000; qy=0.000000; qz=-0.007311; qw=0.999973