x=15.058229; y=0.051230; z=0.000000; qx=0.000000; qy=0.000000; qz=0.003704; qw=0.999993
x=18.339968; y=3.152330; z=0.000000; qx=0.000000; qy=0.000000; qz=0.015011; qw=0.999887
x=20.056162; y=2.833117; z=0.000000; qx=0.000000; qy=0.000000; qz=-0.404302; qw=0.914626
x=22.869427; y=-0.206146; z=0.000000; qx=0.000000; qy=0.000000; qz=0.003478; qw=0.999994