x=14.991817; y=0.033243; z=0.000000; qx=0.000000; qy=0.000000; qz=0.025894; qw=0.999665
x=18.677612; y=-2.727720; z=0.000000; qx=0.000000; qy=0.000000; qz=0.023265; qw=0.999729
x=20.263912; y=-2.688530; z=0.000000; qx=0.000000; qy=0.000000; qz=0.393221; qw=0.919444
x=22.958029; y=-0.123777; z=0.000000; qx=0.000000; qy=0.000000; qz=-0.003346; qw=0.999994