x=15.013953; y=0.010069; z=0.000000; qx=0.000000; qy=0.000000; qz=-0.006783; qw=0.999977
x=18.566898; y=-0.789819; z=0.000000; qx=0.000000; qy=0.000000; qz=0.004074; qw=0.999992
x=19.884533; y=-0.866236; z=0.000000; qx=0.000000; qy=0.000000; qz=0.141434; qw=0.989948
x=22.963562; y=-0.101627; z=0.000000; qx=0.000000; qy=0.000000; qz=0.006443; qw=0.999979